0,470
0,469
0,468
0,467
0,466
0,465
0,464
0,463
0,462
0,461
0,460
0,459
0,458
0,457
0,456
0,455
0,454
0,453
0,452
0,451
0,450
0,449
0,448
0,447
0,446
0,445
0,444
0,443
0,442
0,441
0,440
0,439
0,438
0,437
0,436
0,435
0,434
0,433
0,432
0,431
0,430
0,429
0,428
0,427
0,426
0,425
0,424
0,423
0,422
0,421
0,420
0,419
0,418
0,417
0,416
0,415
0,414
0,413
0,412
0,411
0,410
0,409
0,408
0,407
0,406
0,405
33,35
10,300
10,176
10,25
10,123
10,112
10,285
10,185
10,259
11,5
11,21
11,19
11,16
11,12
11,2
11,3
9,7
9,6
9,4
8,18
8,4
8,14
8,13
8,16
32,3
32,2
32,1
32,0
29,3
29,2
29,1
